Region,1st dose,2nd dose,Total doses,Publication_date
"England5",37382390,27522043,64904433,2021-06-29
"East of England",4409450,3299682,7709132,2021-06-29
"London",5213882,3451936,8665818,2021-06-29
"Midlands",6949175,5289880,12239055,2021-06-29
"North East and Yorkshire",5739076,4368736,10107812,2021-06-29
"North West",4645209,3493203,8138412,2021-06-29
"South East",6052378,4506095,10558473,2021-06-29
"South West",3971209,3011209,6982418,2021-06-29
"England5",37497766,27637527,65135293,2021-06-30
"East of England",4421643,3311413,7733056,2021-06-30
"London",5233116,3475263,8708379,2021-06-30
"Midlands",6967338,5307261,12274599,2021-06-30
"North East and Yorkshire",5755238,4384693,10139931,2021-06-30
"North West",4656929,3509577,8166506,2021-06-30
"South East",6070876,4524037,10594913,2021-06-30
"South West",3985061,3021915,7006976,2021-06-30
"England5",37618263,27776520,65394783,2021-07-01
"East of England",4435689,3325926,7761615,2021-07-01
"London",5252591,3506102,8758693,2021-07-01
"Midlands",6985932,5324734,12310666,2021-07-01
"North East and Yorkshire",5774473,4404547,10179020,2021-07-01
"North West",4668489,3528958,8197447,2021-07-01
"South East",6090178,4544202,10634380,2021-07-01
"South West",3997519,3036389,7033908,2021-07-01
"England5",38044157,28324385,66368542,2021-07-05
"East of England",4479821,3386421,7866242,2021-07-05
"London",5318146,3605759,8923905,2021-07-05
"Midlands",7053986,5410307,12464293,2021-07-05
"North East and Yorkshire",5837805,4484762,10322567,2021-07-05
"North West",4708798,3595129,8303927,2021-07-05
"South East",6161905,4637558,10799463,2021-07-05
"South West",4039529,3084783,7124312,2021-07-05
"England5",38108016,28432362,66540378,2021-07-06
"East of England",4484997,3399612,7884609,2021-07-06
"London",5329554,3627552,8957106,2021-07-06
"Midlands",7063363,5426024,12489387,2021-07-06
"North East and Yorkshire",5847507,4498719,10346226,2021-07-06
"North West",4713828,3608140,8321968,2021-07-06
"South East",6172720,4656603,10829323,2021-07-06
"South West",4046468,3093977,7140445,2021-07-06
"England5",38252354,28669736,66922090,2021-07-08
"East of England",4502919,3425431,7928350,2021-07-08
"London",5351392,3674998,9026390,2021-07-08
"Midlands",7085764,5460724,12546488,2021-07-08
"North East and Yorkshire",5868167,4534444,10402611,2021-07-08
"North West",4726591,3639442,8366033,2021-07-08
"South East",6197751,4692015,10889766,2021-07-08
"South West",4061195,3116686,7177881,2021-07-08
"England5",38252354,28669736,66922090,2021-07-08
"East of England",4502919,3425431,7928350,2021-07-08
"London",5351392,3674998,9026390,2021-07-08
"Midlands",7085764,5460724,12546488,2021-07-08
"North East and Yorkshire",5868167,4534444,10402611,2021-07-08
"North West",4726591,3639442,8366033,2021-07-08
"South East",6197751,4692015,10889766,2021-07-08
"South West",4061195,3116686,7177881,2021-07-08
"England5",38413116,28948796,67361912,2021-07-10
"East of England",4521007,3459762,7980769,2021-07-10
"London",5379562,3726380,9105942,2021-07-10
"Midlands",7109519,5501550,12611069,2021-07-10
"North East and Yorkshire",5890314,4579516,10469830,2021-07-10
"North West",4741632,3677227,8418859,2021-07-10
"South East",6225647,4734424,10960071,2021-07-10
"South West",4076692,3138813,7215505,2021-07-10
"England5",38495266,29123541,67618807,2021-07-11
"East of England",4528566,3479352,8007918,2021-07-11
"London",5392850,3756103,9148953,2021-07-11
"Midlands",7122687,5530263,12652950,2021-07-11
"North East and Yorkshire",5902261,4608712,10510973,2021-07-11
"North West",4748826,3697720,8446546,2021-07-11
"South East",6240436,4763905,11004341,2021-07-11
"South West",4084919,3153352,7238271,2021-07-11
"England5",38529203,29204296,67733499,2021-07-12
"East of England",4532050,3488400,8020450,2021-07-12
"London",5398675,3770213,9168888,2021-07-12
"Midlands",7128881,5543761,12672642,2021-07-12
"North East and Yorkshire",5907073,4621848,10528921,2021-07-12
"North West",4751188,3706149,8457337,2021-07-12
"South East",6246281,4778307,11024588,2021-07-12
"South West",4087573,3159998,7247571,2021-07-12
"England5",38574387,29304113,67878500,2021-07-13
"East of England",4535735,3500431,8036166,2021-07-13
"London",5406893,3790309,9197202,2021-07-13
"Midlands",7134859,5558985,12693844,2021-07-13
"North East and Yorkshire",5912163,4633496,10545659,2021-07-13
"North West",4755572,3717586,8473158,2021-07-13
"South East",6254369,4798105,11052474,2021-07-13
"South West",4091455,3167139,7258594,2021-07-13
"England5",38624143,29429018,68053161,2021-07-14
"East of England",4541129,3513826,8054955,2021-07-14
"London",5415284,3812122,9227406,2021-07-14
"Midlands",7141626,5578407,12720033,2021-07-14
"North East and Yorkshire",5917616,4649635,10567251,2021-07-14
"North West",4761460,3736565,8498025,2021-07-14
"South East",6262679,4819887,11082566,2021-07-14
"South West",4095793,3177977,7273770,2021-07-14
"England5",38674148,29580353,68254501,2021-07-15
"East of England",4546785,3530015,8076800,2021-07-15
"London",5423469,3842217,9265686,2021-07-15
"Midlands",7149112,5601003,12750115,2021-07-15
"North East and Yorkshire",5925017,4670317,10595334,2021-07-15
"North West",4766764,3754953,8521717,2021-07-15
"South East",6269942,4845629,11115571,2021-07-15
"South West",4100596,3192542,7293138,2021-07-15
"England5",38726641,29747505,68474146,2021-07-16
"East of England",4552177,3552086,8104263,2021-07-16
"London",5432144,3870643,9302787,2021-07-16
"Midlands",7156979,5628546,12785525,2021-07-16
"North East and Yorkshire",5932579,4693436,10626015,2021-07-16
"North West",4772502,3774369,8546871,2021-07-16
"South East",6277073,4872582,11149655,2021-07-16
"South West",4106637,3208968,7315605,2021-07-16
"East of England",4557685,3572800,8130485,2021-07-17
"London",5440035,3900260,9340295,2021-07-17
"Midlands",7164013,5652171,12816184,2021-07-17
"North East and Yorkshire",5939988,4715125,10655113,2021-07-17
"North West",4777885,3796151,8574036,2021-07-17
"South East",6285071,4901194,11186265,2021-07-17
"South West",4111690,3223255,7334945,2021-07-17
"England5",38836156,30107863,68944019,2021-07-18
"East of England",4563466,3598568,8162034,2021-07-18
"London",5448663,3933201,9381864,2021-07-18
"Midlands",7174176,5684599,12858775,2021-07-18
"North East and Yorkshire",5949183,4740286,10689469,2021-07-18
"North West",4783163,3820246,8603409,2021-07-18
"South East",6294182,4935633,11229815,2021-07-18
"South West",4118015,3241243,7359258,2021-07-18
"England5",38863810,30213335,69077145,2021-07-19
"East of England",4566487,3610295,8176782,2021-07-19
"London",5452981,3955568,9408549,2021-07-19
"Midlands",7179025,5703592,12882617,2021-07-19
"North East and Yorkshire",5953687,4754252,10707939,2021-07-19
"North West",4785632,3831892,8617524,2021-07-19
"South East",6297725,4952603,11250328,2021-07-19
"South West",4120555,3248581,7369136,2021-07-19
"England5",38863810,30213335,69077145,2021-07-19
"East of England",4566487,3610295,8176782,2021-07-19
"London",5452981,3955568,9408549,2021-07-19
"Midlands",7179025,5703592,12882617,2021-07-19
"North East and Yorkshire",5953687,4754252,10707939,2021-07-19
"North West",4785632,3831892,8617524,2021-07-19
"South East",6297725,4952603,11250328,2021-07-19
"South West",4120555,3248581,7369136,2021-07-19
"England5",38928936,30452042,69380978,2021-07-21
"East of England",4572966,3635255,8208221,2021-07-21
"London",5464127,4001192,9465319,2021-07-21
"Midlands",7188774,5741921,12930695,2021-07-21
"North East and Yorkshire",5961899,4780798,10742697,2021-07-21
"North West",4792344,3861150,8653494,2021-07-21
"South East",6308423,4995683,11304106,2021-07-21
"South West",4127329,3274036,7401365,2021-07-21
"England5",38967762,30598323,69566085,2021-07-22
"East of England",4576624,3650941,8227565,2021-07-22
"London",5470229,4030283,9500512,2021-07-22
"Midlands",7194819,5766106,12960925,2021-07-22
"North East and Yorkshire",5967742,4800823,10768565,2021-07-22
"North West",4796925,3875790,8672715,2021-07-22
"South East",6313906,5019804,11333710,2021-07-22
"South West",4131307,3288988,7420295,2021-07-22
"England5",39007219,30754568,69761787,2021-07-23
"East of England",4580248,3670143,8250391,2021-07-23
"London",5476102,4062486,9538588,2021-07-23
"Midlands",7200434,5791340,12991774,2021-07-23
"North East and Yorkshire",5973498,4821915,10795413,2021-07-23
"North West",4801445,3893330,8694775,2021-07-23
"South East",6318998,5043295,11362293,2021-07-23
"South West",4135348,3302163,7437511,2021-07-23
"England5",39045107,30909329,69954436,2021-07-24
"East of England",4584069,3688975,8273044,2021-07-24
"London",5482436,4093437,9575873,2021-07-24
"Midlands",7206561,5815487,13022048,2021-07-24
"North East and Yorkshire",5978578,4840232,10818810,2021-07-24
"North West",4805448,3909882,8715330,2021-07-24
"South East",6324526,5072802,11397328,2021-07-24
"South West",4138062,3314368,7452430,2021-07-24
"England5",39084065,31087214,70171279,2021-07-25
"East of England",4587541,3707812,8295353,2021-07-25
"London",5488694,4128116,9616810,2021-07-25
"Midlands",7213481,5846918,13060399,2021-07-25
"North East and Yorkshire",5984690,4865665,10850355,2021-07-25
"North West",4809195,3927135,8736330,2021-07-25
"South East",6330084,5103355,11433439,2021-07-25
"South West",4141416,3329851,7471267,2021-07-25
"England5",39104447,31181649,70286096,2021-07-26
"East of England",4589626,3719197,8308823,2021-07-26
"London",5492100,4148903,9641003,2021-07-26
"Midlands",7217099,5864829,13081928,2021-07-26
"North East and Yorkshire",5988188,4877757,10865945,2021-07-26
"North West",4810906,3934596,8745502,2021-07-26
"South East",6332236,5117038,11449274,2021-07-26
"South West",4143319,3338625,7481944,2021-07-26
"England5",39164233,31320313,70484546,2021-07-27
"East of England",4592888,3730375,8323263,2021-07-27
"London",5498780,4175713,9674493,2021-07-27
"Midlands",7230245,5891017,13121262,2021-07-27
"North East and Yorkshire",5992439,4889778,10882217,2021-07-27
"North West",4819011,3951182,8770193,2021-07-27
"South East",6338442,5136787,11475229,2021-07-27
"South West",4155544,3358501,7514045,2021-07-27
"England5",39193459,31438842,70632301,2021-07-28
"East of England",4595621,3743639,8339260,2021-07-28
"London",5504098,4202288,9706386,2021-07-28
"Midlands",7234959,5908984,13143943,2021-07-28
"North East and Yorkshire",5996142,4904241,10900383,2021-07-28
"North West",4822811,3966565,8789376,2021-07-28
"South East",6342505,5154520,11497025,2021-07-28
"South West",4157615,3368153,7525768,2021-07-28
"England5",39225977,31570058,70796035,2021-07-29
"East of England",4598488,3760434,8358922,2021-07-29
"London",5509348,4227063,9736411,2021-07-29
"Midlands",7240007,5930073,13170080,2021-07-29
"North East and Yorkshire",6000748,4923805,10924553,2021-07-29
"North West",4825777,3978737,8804514,2021-07-29
"South East",6346682,5174165,11520847,2021-07-29
"South West",4160978,3381690,7542668,2021-07-29
"England5",39261785,31715767,70977552,2021-07-30
"East of England",4602045,3781020,8383065,2021-07-30
"London",5515208,4256619,9771827,2021-07-30
"Midlands",7244988,5948546,13193534,2021-07-30
"North East and Yorkshire",6006623,4944650,10951273,2021-07-30
"North West",4829747,3994861,8824608,2021-07-30
"South East",6351136,5195998,11547134,2021-07-30
"South West",4163760,3395565,7559325,2021-07-30
"East of England",4605079,3799432,8404511,2021-07-31
"London",5520417,4283365,9803782,2021-07-31
"Midlands",7250046,5970423,13220469,2021-07-31
"North East and Yorkshire",6010785,4962182,10972967,2021-07-31
"North West",4833560,4012427,8845987,2021-07-31
"South East",6355543,5218828,11574371,2021-07-31
"South West",4166014,3409517,7575531,2021-07-31
"England5",39325430,32041631,71367061,2021-08-01
"East of England",4608122,3821821,8429943,2021-08-01
"London",5525900,4315094,9840994,2021-08-01
"Midlands",7255966,6001547,13257513,2021-08-01
"North East and Yorkshire",6015738,4990869,11006607,2021-08-01
"North West",4837279,4033273,8870552,2021-08-01
"South East",6359826,5246279,11606105,2021-08-01
"South West",4168473,3425657,7594130,2021-08-01
"England5",39344009,32134187,71478196,2021-08-02
"East of England",4610113,3833920,8444033,2021-08-02
"London",5529055,4335377,9864432,2021-08-02
"Midlands",7259621,6016769,13276390,2021-08-02
"North East and Yorkshire",6017992,5002779,11020771,2021-08-02
"North West",4838999,4042333,8881332,2021-08-02
"South East",6362028,5258291,11620319,2021-08-02
"South West",4170231,3435005,7605236,2021-08-02
"England6",39366485,32228727,71595212,2021-08-03
"East of England",4637254,3852715,8489969,2021-08-03
"London",5606961,4380358,9987319,2021-08-03
"Midlands",7289205,6041419,13330624,2021-08-03
"North East and Yorkshire",6036461,5022481,11058942,2021-08-03
"North West",4863594,4063400,8926994,2021-08-03
"South East",6398538,5291067,11689605,2021-08-03
"South West",4192068,3455488,7647556,2021-08-03
"England5",39391577,32337572,71729149,2021-08-04
"East of England",4639565,3863431,8502996,2021-08-04
"London",5611607,4403050,10014657,2021-08-04
"Midlands",7293174,6056959,13350133,2021-08-04
"North East and Yorkshire",6040032,5036774,11076806,2021-08-04
"North West",4866847,4076644,8943491,2021-08-04
"South East",6401665,5310398,11712063,2021-08-04
"South West",4193923,3467371,7661294,2021-08-04
"England5",39385320,32444987,71830307,2021-08-05
"East of England",4641252,3877316,8518568,2021-08-05
"London",5614222,4424547,10038769,2021-08-05
"Midlands",7288588,6073615,13362203,2021-08-05
"North East and Yorkshire",6042943,5055292,11098235,2021-08-05
"North West",4864498,4089233,8953731,2021-08-05
"South East",6402297,5329135,11731432,2021-08-05
"South West",4185611,3472589,7658200,2021-08-05
"England5",39416306,32588410,72004716,2021-08-06
"East of England",4643970,3893185,8537155,2021-08-06
"London",5619251,4452142,10071393,2021-08-06
"Midlands",7293278,6095426,13388704,2021-08-06
"North East and Yorkshire",6047270,5075761,11123031,2021-08-06
"North West",4868514,4107927,8976441,2021-08-06
"South East",6405815,5352998,11758813,2021-08-06
"South West",4188354,3485837,7674191,2021-08-06
